0 0x38ae5 1 66 86 1 162 19764
1 0x2bb24 1 65 85 8 680 44200
2 0x29124 1 32 42 8 336 10752
3 0x33b74 1 32 42 8 344 11352
4 0x313bc 1 31 41 8 328 10168
5 0x34014 1 31 41 8 328 10168
6 0x38a9b 1 66 83 1 162 19764
7 0x27024 1 65 82 8 664 43160
8 0x2471c 1 32 41 8 328 10496
9 0x2ed6c 1 32 41 8 336 11088
10 0x3410c 1 31 40 8 320 9920
11 0x2f104 1 31 40 8 328 10168
12 0x368b9 1 63 86 1 162 19764
13 0x27404 1 62 85 8 680 42840
14 0x248ac 1 31 42 8 336 10416
15 0x2ef0c 1 31 42 8 344 11008
16 0x3415c 1 30 41 8 328 9840
17 0x2f244 1 30 41 8 328 10168
18 0x3686f 1 63 83 1 162 19764
19 0x277ec 1 62 82 8 664 41832
20 0x38d48 1 31 41 8 328 10168
21 0x364a0 1 31 41 8 336 10752
22 0x38f80 1 30 40 8 320 9600
23 0x36918 1 30 40 8 328 10168
24 0x318bc 1 30 40 8 336 10080
25 0x363b0 1 30 40 16 672 21504
26 0x31430 1 30 40 16 656 19680
27 0x36830 1 30 40 16 656 20336
28 0x35100 1 15 20 16 352 5280
29 0x38920 1 15 20 32 704 11968
30 0x35f00 1 15 20 32 672 10080
31 0x38b20 1 15 20 32 672 11424
32 0x37c80 1 8 10 32 384 3072
33 0x39a40 1 8 10 64 768 7680
34 0x37f40 1 8 10 64 768 6144
35 0x39a40 1 8 10 64 768 7680
36 0x38300 1 8 10 64 640 5120
37 0x37b80 1 8 10 24 240 1920
38 0x39a40 1 8 10 64 768 7680
39 0x38300 1 8 10 64 640 5120
40 0x37180 1 8 10 32 320 2560
41 0x39a40 1 8 10 64 768 7680
42 0x39040 1 4 5 64 448 1792
43 0x3ac80 1 4 5 64 448 2688
44 0x3a3c0 1 4 5 64 448 1792
45 0x3ac80 1 4 5 64 448 2688
46 0x3a580 1 4 5 64 320 1280
47 0x3a3a0 1 4 5 24 120 480
48 0x3ac80 1 4 5 64 448 2688
49 0x3a580 1 4 5 64 320 1280
50 0x3a120 1 4 5 32 160 640
51 0x3ac80 1 4 5 64 448 2688
52 0x3a840 1 2 3 64 320 640
53 0x3b180 1 2 3 64 320 1280
54 0x3ae80 1 2 3 64 192 384
55 0x3b380 1 2 3 64 192 384
56 0x3b340 1 1 1 64 64 64
57 0x3b4c0 1 1 1 64 64 64
58 0x3b4a8 1 1 1 24 24 24
59 0x3b340 1 1 1 64 64 64
60 0x3b4c0 1 1 1 64 64 64
61 0x3b488 1 1 1 32 32 32
62 0x37b80 1 640 3 1 3 1920
62 0x3a3a0 1 160 3 1 3 480
62 0x3b4a8 1 8 3 1 3 24
63 0x37180 1 640 4 1 4 2560
63 0x3a120 1 160 4 1 4 640
63 0x3b488 1 8 4 1 4 32
64 0x3ab10 1 808 3 1 3 2424
65 0x39480 1 808 4 1 4 3232
65 0x3a199 1 808 2 1 3 2424