0 0x31974 1 31 41 16 656 20336
1 0x2f534 1 15 20 16 640 19200
2 0x31984 1 31 40 16 656 20336
3 0x2f3f4 1 15 20 16 640 19200
4 0x31c04 1 30 41 16 656 20336
5 0x2cfb4 1 15 20 16 640 19200
6 0x31c14 1 30 40 16 656 20336
7 0x2ce74 1 15 20 16 640 19200
8 0x234d4 1 30 40 32 1312 40672
9 0x38f80 1 15 20 32 640 9600
10 0x33bc0 1 15 20 64 1344 22848
11 0x3a100 1 8 10 64 640 5120
12 0x37900 1 8 10 128 1280 10240
13 0x3ab00 1 4 5 128 640 2560
14 0x3a100 1 1 2560 1 2560 2560
15 0x3b4e0 1 1 32 1 32 32
16 0x17480 1 32 32 1 32 1024
17 0x3afa0 1 32 10 1 10 320
18 0x3b3c0 1 32 10 1 10 320