0 0x38dac 1 63 83 1 161 19481
1 0x31974 1 31 41 16 656 20336
2 0x38d5f 1 63 80 1 161 19481
3 0x31984 1 31 40 16 656 20336
4 0x369d3 1 60 83 1 161 19481
5 0x31c04 1 30 41 16 656 20336
6 0x36986 1 60 80 1 161 19481
7 0x31c14 1 30 40 16 656 20336
8 0x2ce74 1 30 40 16 640 19200
9 0x234d4 1 30 40 32 1312 40672
10 0x38f80 1 15 20 32 640 9600
11 0x33bc0 1 15 20 64 1344 22848
12 0x3a100 1 8 10 64 640 5120
13 0x37900 1 8 10 128 1280 10240
14 0x3ab00 1 4 5 128 640 2560
15 0x3a100 1 1 2560 1 2560 2560
16 0x3b4e0 1 1 32 1 32 32
17 0x3b4d4 1 1 10 1 10 10
18 0x3b4f4 1 1 1 1 10 10
18 0x3b4f4 1 1 1 1 10 10